n 1 59 52
n 2 69 42
n 3 77 34
n 4 86 26
n 5 94 17
n 6 66 54
n 7 74 54
n 8 86 54
n 9 65 46
n 10 73 38
n 11 82 30
n 12 90 22
n 13 70 46
n 14 74 46
n 15 78 46
n 16 82 46
n 17 86 46
n 18 90 46
n 19 94 46
n 20 94 38
n 21 94 30
n 22 90 30
n 23 90 38
n 24 86 38
n 25 82 38
n 26 78 38
n 27 70 54
n 28 78 54
n 29 82 54
n 30 90 54
n 31 94 54
n 32 61 54
n 33 98 54
n 34 102 54
n 35 106 54
n 36 111 54
n 37 114 51
n 38 114 46
n 39 114 38
n 40 114 30
n 41 114 22
n 42 114 14
n 43 114 6
n 44 110 6
n 45 110 2
n 46 106 6
n 47 102 10
n 48 98 14
n 49 102 14
n 50 106 14
n 51 110 14
n 52 98 22
n 53 102 22
n 54 106 22
n 55 110 22
n 56 98 30
n 57 102 30
n 58 106 30
n 59 110 30
n 60 98 38
n 61 102 38
n 62 106 38
n 63 110 38
n 64 98 46
n 65 102 46
n 66 106 46
n 67 110 46
n 68 123 42
n 69 118 40
n 70 118 30
n 71 118 22
n 72 118 14
n 73 119 6
n 74 124 54
n 75 114 55
n 76 125 39
n 77 124 30
n 79 124 14
n 80 124 6
n 81 133 22
n 82 133 14
n 83 133 6
n 84 133 32
n 85 140 25
n 86 140 22
n 87 140 14
n 88 141 6
n 89 132 38
n 90 132 43
n 91 141 43
n 92 141 38
n 93 141 31
n 94 141 47
n 96 132 47
n 97 124 47
n 98 153 13
n 99 149 18
n 100 145 22
n 101 124 22
n 1757451457 141 55
c 1 32 9
c 2 9 13 10
c 3 11 26 10
c 4 11 24 12
c 5 48 21 12
c 6 32 27 9
c 7 27 14 28
c 8 29 17 30
c 9 1 6 2
c 10 3 14 2
c 11 25 3 4
c 12 5 22 4
c 13 14 2
c 14 13 7 15 10
c 15 26 16 14 28
c 16 25 15 29 17
c 17 16 8 24 31
c 18 23 31
c 19 31 20
c 20 60 23 24 19 21
c 21 56 5 22 20
c 22 23 21 12
c 23 18 22 24 20
c 24 25 23 4 17 20
c 25 11 26 16 24
c 26 25 3 15
c 27 6 7
c 28 7 15 29
c 29 16 8 28
c 30 8 31
c 31 33 18 19 17 30
c 32 1 6
c 33 34 31 64
c 34 33 35 65
c 35 34 36 66
c 36 37 35 75
c 37 36 38 68 75
c 38 39 37 67
c 39 40 38 69 63
c 40 39 59 41 70
c 41 55 42 40 71
c 42 43 41 51 72
c 43 42 44 73
c 44 43 46
c 45 46
c 46 44 45 50 47
c 47 48 46
c 48 5 47 52
c 49 50 53
c 50 49 46 51 54
c 51 42 50
c 52 56 48 53
c 53 49 57 52 54
c 54 58 50 53
c 55 59 41
c 56 60 57 21 52
c 57 58 56 53 61
c 58 59 57 54 62
c 59 55 58 40 63
c 60 56 20 61 64
c 61 60 57 65 62
c 62 58 61 66 63
c 63 39 59 62 67
c 64 33 60
c 65 34 61 66
c 66 35 65 62 67
c 67 38 66 63
c 68 37 76 97 90 69
c 69 39 68 70
c 70 40 69 71
c 71 41 72 70 101
c 72 42 79 73 71
c 73 43 72
c 74 97 75 1757451457
c 75 37 36 74
c 76 77 68 84
c 77 76 101 84
c 79 80 72 101 82
c 80 83 79
c 81 101 86
c 82 83 79 87
c 83 88 80 82
c 84 76 77 89 85
c 85 93 100 84 86
c 86 81 85 100 87
c 87 88 99 82 86
c 88 98 83 87
c 89 92 90 84
c 90 89 91 68 96
c 91 92 90 94
c 92 89 91 93
c 93 92 85
c 94 91 96 1757451457
c 96 97 90 94
c 97 68 96 74
c 98 88 99
c 99 98 100 87
c 100 85 99 86
c 101 81 77 79 71
c 1757451457 94 74
